model
{
for(i in 1:N){
     fev1[i] ~ dnorm(mu[i], tau)
  mu[i] <- beta0 + beta1*time[i] + beta2*smoker[i] + b[id[i]]
}
for(i in 1:133){
	b[i] ~ dnorm(0,taub)}

beta0 ~ dflat()
beta1 ~ dflat()
beta2 ~ dflat()
tau <- exp(logtau)
taub ~ dgamma(0.5,0.02)
logtau ~ dflat()
sigma <- 1/sqrt(tau)
sigmab <- 1/sqrt(taub)
corr <- sigmab*sigmab/(sigmab*sigmab+sigma*sigma)
}
list(logtau=0,taub=1, beta0=3,beta1=0,beta2=0)
list(N=771,id=c(1, 1, 1, 1, 1, 1, 2, 2, 2, 2, 2, 3, 3, 3, 3, 3, 3, 4, 
4, 4, 4, 4, 5, 5, 5, 5, 5, 5, 6, 6, 6, 6, 6, 7, 7, 7, 7, 7, 8, 
8, 8, 8, 8, 9, 9, 9, 9, 9, 10, 10, 10, 10, 10, 10, 11, 11, 11, 
11, 11, 11, 12, 12, 12, 12, 12, 12, 12, 13, 13, 13, 13, 13, 13, 
13, 14, 14, 14, 14, 14, 15, 15, 15, 15, 15, 15, 16, 16, 16, 16, 
16, 16, 16, 17, 17, 17, 17, 17, 17, 18, 18, 18, 18, 18, 18, 18, 
19, 19, 19, 19, 19, 20, 20, 20, 20, 20, 20, 21, 21, 21, 21, 21, 
21, 22, 22, 22, 22, 22, 22, 23, 23, 23, 23, 23, 23, 23, 24, 24, 
24, 24, 24, 25, 25, 25, 25, 25, 25, 25, 26, 26, 26, 26, 26, 27, 
27, 27, 27, 27, 28, 28, 28, 28, 28, 28, 29, 29, 29, 29, 29, 29, 
30, 30, 30, 30, 30, 30, 31, 31, 31, 31, 31, 31, 31, 32, 32, 32, 
32, 32, 33, 33, 33, 33, 33, 33, 34, 34, 34, 34, 34, 35, 35, 35, 
35, 35, 35, 36, 36, 36, 36, 36, 36, 37, 37, 37, 37, 37, 37, 37, 
38, 38, 38, 38, 38, 38, 38, 39, 39, 39, 39, 39, 39, 39, 40, 40, 
40, 40, 40, 41, 41, 41, 41, 41, 41, 42, 42, 42, 42, 42, 43, 43, 
43, 43, 43, 43, 43, 44, 44, 44, 44, 44, 44, 44, 45, 45, 45, 45, 
45, 45, 45, 46, 46, 46, 46, 46, 47, 47, 47, 47, 47, 47, 48, 48, 
48, 48, 48, 49, 49, 49, 49, 49, 50, 50, 50, 50, 50, 50, 51, 51, 
51, 51, 51, 52, 52, 52, 52, 52, 53, 53, 53, 53, 53, 53, 53, 54, 
54, 54, 54, 54, 55, 55, 55, 55, 55, 55, 56, 56, 56, 56, 56, 56, 
57, 57, 57, 57, 57, 57, 57, 58, 58, 58, 58, 58, 58, 59, 59, 59, 
59, 59, 59, 60, 60, 60, 60, 60, 61, 61, 61, 61, 61, 61, 61, 62, 
62, 62, 62, 62, 63, 63, 63, 63, 63, 63, 64, 64, 64, 64, 64, 64, 
65, 65, 65, 65, 65, 66, 66, 66, 66, 66, 66, 67, 67, 67, 67, 67, 
67, 67, 68, 68, 68, 68, 68, 68, 69, 69, 69, 69, 69, 69, 70, 70, 
70, 70, 70, 71, 71, 71, 71, 71, 72, 72, 72, 72, 72, 72, 72, 73, 
73, 73, 73, 73, 74, 74, 74, 74, 74, 75, 75, 75, 75, 75, 75, 76, 
76, 76, 76, 76, 76, 76, 77, 77, 77, 77, 77, 77, 77, 78, 78, 78, 
78, 78, 78, 79, 79, 79, 79, 79, 80, 80, 80, 80, 80, 80, 80, 81, 
81, 81, 81, 81, 81, 81, 82, 82, 82, 82, 82, 83, 83, 83, 83, 83, 
84, 84, 84, 84, 84, 85, 85, 85, 85, 85, 85, 85, 86, 86, 86, 86, 
86, 86, 87, 87, 87, 87, 87, 88, 88, 88, 88, 88, 88, 89, 89, 89, 
89, 89, 89, 90, 90, 90, 90, 90, 91, 91, 91, 91, 91, 91, 92, 92, 
92, 92, 92, 92, 92, 93, 93, 93, 93, 93, 93, 93, 94, 94, 94, 94, 
94, 94, 95, 95, 95, 95, 95, 95, 96, 96, 96, 96, 96, 97, 97, 97, 
97, 97, 97, 98, 98, 98, 98, 98, 98, 99, 99, 99, 99, 99, 100, 
100, 100, 100, 100, 101, 101, 101, 101, 101, 102, 102, 102, 102, 
102, 103, 103, 103, 103, 103, 104, 104, 104, 104, 104, 105, 105, 
105, 105, 105, 105, 105, 106, 106, 106, 106, 106, 107, 107, 107, 
107, 107, 107, 107, 108, 108, 108, 108, 108, 108, 108, 109, 109, 
109, 109, 109, 109, 110, 110, 110, 110, 110, 111, 111, 111, 111, 
111, 111, 111, 112, 112, 112, 112, 112, 112, 113, 113, 113, 113, 
113, 113, 114, 114, 114, 114, 114, 115, 115, 115, 115, 115, 116, 
116, 116, 116, 116, 117, 117, 117, 117, 117, 118, 118, 118, 118, 
118, 118, 119, 119, 119, 119, 119, 119, 119, 120, 120, 120, 120, 
120, 121, 121, 121, 121, 121, 122, 122, 122, 122, 122, 123, 123, 
123, 123, 123, 123, 123, 124, 124, 124, 124, 124, 124, 125, 125, 
125, 125, 125, 126, 126, 126, 126, 126, 127, 127, 127, 127, 127, 
128, 128, 128, 128, 128, 128, 129, 129, 129, 129, 129, 129, 130, 
130, 130, 130, 130, 130, 131, 131, 131, 131, 131, 132, 132, 132, 
132, 132, 132, 132, 133),fev1=c(3.4, 3.4, 3.45, 3.2, 2.95, 2.4, 3.1, 3.15, 3.5, 2.95, 
2.85, 3.6, 3.45, 3.45, 3.1, 2.8, 2.71, 2.7, 2.86, 2.7, 2.7, 2.45, 
3.4, 3.3, 2.93, 2.3, 2.5, 2.4, 3.3, 3.75, 3.5, 2.95, 3.1, 2.45, 
2.5, 2.1, 2.35, 2.28, 3.9, 4, 4.05, 3.75, 4, 2.4, 2.35, 2.4, 
2.2, 2, 2.65, 3.3, 2.4, 2.15, 2.15, 2.25, 4.4, 4.4, 4.1, 4.1, 
4, 3.6, 3.2, 3.4, 2.7, 2.95, 3.1, 2.6, 1.63, 2.95, 2.9, 3, 2.75, 
2.75, 2.72, 2.75, 3.05, 2.4, 2.5, 2.45, 2.08, 2.75, 2.7, 2.1, 
1.9, 1.8, 1.7, 3.9, 3.75, 3.5, 3.3, 3.5, 3.15, 3.25, 3.2, 3, 
2.8, 2.85, 2.5, 2.15, 3.3, 3.35, 3.4, 3.1, 3.5, 3, 2.75, 3.1, 
3.43, 3.1, 3.2, 2.6, 3.2, 3.2, 3.3, 3.1, 3.2, 2.8, 4, 3.6, 3.7, 
3.7, 3.15, 2.95, 3.3, 3.6, 3.3, 3.25, 2.95, 2.9, 3.7, 3.8, 3.9, 
3.75, 3.8, 3.5, 3.18, 3, 3.2, 2.95, 2.9, 2.4, 2.8, 2.5, 2.55, 
2.5, 2.35, 2.25, 2.16, 3.55, 3.85, 3.7, 3.3, 3.1, 3.6, 3.4, 3.4, 
3, 2.72, 1.95, 1.75, 1.7, 1.8, 1.6, 1.53, 3.55, 3.4, 3.2, 3.3, 
3.25, 2.62, 2.6, 3.6, 2.9, 3.2, 3.05, 2.22, 3.25, 2.95, 2.9, 
2.95, 2.9, 2.8, 2.4, 3.6, 3.6, 3.4, 2.8, 2.8, 3.75, 3.2, 3.28, 
3.2, 3.1, 2.95, 4.6, 4.7, 4.7, 4.9, 4.4, 1.8, 1.45, 1.7, 1.75, 
1.5, 1.18, 3.22, 2.7, 2.8, 2.7, 2.53, 2.48, 3.6, 3.7, 3.4, 3.5, 
3.25, 3.2, 3.4, 3.6, 3.8, 3.2, 3.1, 3.2, 3.2, 2.8, 4.2, 3.8, 
3.5, 3.8, 3.5, 3.4, 3.28, 3.85, 4, 3.7, 3.3, 3.38, 3.68, 4.05, 
2.7, 2.9, 2.9, 2.45, 3.58, 4, 3.6, 3.75, 3.4, 4.82, 4.6, 4.65, 
4, 3.9, 4.2, 3.25, 2.62, 2.6, 2.7, 2.6, 2.6, 2.4, 2.48, 3.54, 
3.6, 3.1, 3, 2.9, 3.05, 2.7, 2.2, 2.25, 2.28, 2.1, 1.52, 3.5, 
3.3, 3.8, 3.6, 3.9, 3.4, 3.1, 3.3, 3.1, 2.8, 2.65, 3.7, 3.7, 
3.7, 3.3, 3.1, 2.4, 2.3, 2.11, 1.9, 2.15, 1.96, 4.42, 4.2, 4.08, 
4.1, 4, 2.85, 2.7, 2.8, 2.5, 2.05, 3.1, 2.55, 2.65, 2.45, 2.35, 
2.08, 2.26, 2.51, 2.4, 2, 2.1, 2.29, 3.3, 3.1, 3, 3.15, 3.25, 
2.9, 2.75, 2.65, 2.7, 2.4, 2.1, 1.78, 2.65, 2.4, 2.98, 1.9, 2.6, 
2.5, 2.4, 3.38, 3.4, 3.35, 3.1, 2.85, 2.5, 3.7, 3.35, 3.3, 3.2, 
2.7, 2.75, 2.45, 2.4, 2.6, 2, 2, 3.6, 3.4, 3.5, 3.5, 3.55, 3.25, 
3.2, 2.6, 2.7, 2.65, 2.7, 2.35, 3.4, 3.5, 3.72, 3.4, 3.55, 3, 
3.4, 3.05, 2.98, 2.9, 2.6, 2.38, 3.6, 3.25, 3.2, 3, 2.68, 4.1, 
3.6, 3.75, 3.9, 3.6, 3.5, 2.62, 2.4, 2.45, 2.6, 2.55, 2.43, 2.28, 
3.7, 3.55, 3.3, 3.1, 3.3, 3.1, 4.8, 3.75, 3.8, 3.5, 3.6, 3.25, 
3.6, 2.7, 2.95, 3.05, 3.15, 2.2, 2.05, 1.95, 1.3, 1.53, 3.7, 
4.2, 3.9, 3.3, 3.2, 3.52, 3.55, 2.8, 2.85, 2.7, 2.4, 2.49, 3.65, 
3.25, 3, 3.2, 2.9, 3.35, 3.25, 3.1, 3, 3, 2.83, 3.4, 3.35, 3.3, 
2.7, 3, 3.1, 3.1, 4.1, 4.1, 3.7, 3.8, 3.65, 3.65, 3.6, 2.9, 2.75, 
2.8, 2.6, 2.55, 2.84, 4.1, 4.3, 3.45, 3.25, 3.5, 3, 3.1, 2.8, 
1.7, 2.9, 2.7, 2.15, 3.2, 3, 2.9, 2.95, 2.8, 2.53, 2.6, 3.2, 
3.2, 3.4, 3.1, 3.22, 3, 2.45, 2.1, 2.25, 1.9, 3.5, 3.35, 2.85, 
3.1, 2.8, 3.5, 3.6, 3.5, 3.15, 3, 2.95, 3.2, 2.92, 2.5, 2.4, 
2.65, 2.28, 2.1, 3.5, 3, 3, 3.15, 3.23, 2.25, 2.55, 2.6, 2.35, 
2.31, 2.19, 3.5, 3.55, 3.4, 3.3, 2.75, 2.8, 3.4, 3.3, 2.8, 2.7, 
2.6, 3.45, 3.05, 2.85, 2.55, 2.6, 2.3, 3.2, 3.45, 3.35, 3.4, 
3.1, 3, 2.97, 3.8, 3.65, 3.6, 3.4, 3.15, 2.97, 2.78, 3.9, 3.1, 
3.55, 3.4, 3.3, 2.95, 3.5, 3.8, 4, 3.8, 3.2, 3, 3.4, 3, 3.12, 
3.1, 2.75, 2.35, 2.8, 2.7, 2.05, 2.02, 1.93, 4.9, 3.88, 3.7, 
3.95, 3.75, 3.55, 1.9, 1.9, 1.75, 1.6, 1.6, 3, 2.75, 2.45, 2.2, 
2.18, 2.7, 3, 2.25, 1.85, 1.6, 2.8, 3.35, 2.95, 2.5, 2.45, 3.1, 
2.75, 2.5, 1.95, 2.65, 4.4, 3.5, 3.6, 3.4, 3.2, 4.1, 3.65, 3.9, 
2.75, 3.35, 2.95, 3.17, 2.07, 2.2, 2.35, 2.25, 2.2, 3.25, 3.3, 
3.2, 3.3, 2.85, 3.2, 3.1, 3.15, 2.9, 2.8, 2.7, 2.6, 2.35, 2.3, 
3.45, 3.5, 3.85, 3.25, 2.58, 2.45, 3.2, 3.7, 3.4, 3.4, 3.5, 3.5, 
3.5, 3.2, 3, 3.1, 2.8, 2.55, 4.3, 4.1, 4.05, 3.75, 3.65, 3.45, 
2.9, 3.1, 2.7, 2.8, 2.15, 2.18, 2.3, 2.2, 2, 2, 1.9, 3.1, 3.3, 
3, 2.55, 2.52, 3.7, 3.6, 3.4, 3.41, 3.13, 3.8, 3.35, 3.26, 3.1, 
3.1, 3.95, 3.25, 3.5, 3.3, 2.75, 2.7, 2.8, 2.9, 2.75, 2.35, 2.45, 
2.37, 2.32, 3, 3.2, 2.5, 2.5, 2.7, 2.65, 2.5, 2.3, 2.18, 2.5, 
2.6, 3, 2.4, 2.45, 2.1, 3, 3.1, 2.85, 2.8, 2.5, 2.35, 2.1, 2.95, 
2.7, 2.4, 2.23, 2.15, 2.25, 2.4, 2.3, 2.25, 2, 1.85, 2.6, 2.5, 
2.1, 2.15, 1.74, 3.1, 2.85, 2.4, 2.7, 2.2, 3.15, 3, 2.75, 2.8, 
2.6, 2.4, 3.7, 3.7, 2.65, 3.25, 3, 3.08, 3.65, 3.5, 3.25, 2.9, 
3.05, 2.62, 2.9, 3.1, 2.85, 2.8, 2.6, 3, 2.95, 2.7, 2.45, 2.05, 
1.98, 2.2, 2.4),time=c(0, 3, 6, 9, 15, 19, 0, 3, 6, 9, 12, 0, 3, 6, 9, 15, 19, 
3, 6, 9, 12, 15, 0, 3, 6, 9, 12, 15, 0, 3, 6, 9, 12, 3, 6, 9, 
12, 19, 0, 3, 6, 9, 12, 3, 6, 9, 15, 19, 0, 6, 9, 12, 15, 19, 
0, 3, 6, 9, 12, 19, 0, 3, 6, 9, 12, 15, 19, 0, 3, 6, 9, 12, 15, 
19, 0, 9, 12, 15, 19, 0, 3, 6, 9, 12, 19, 0, 3, 6, 9, 12, 15, 
19, 0, 6, 9, 12, 15, 19, 0, 3, 6, 9, 12, 15, 19, 3, 6, 9, 12, 
19, 0, 3, 6, 9, 12, 15, 0, 3, 6, 9, 12, 15, 0, 3, 6, 9, 12, 15, 
0, 3, 6, 9, 12, 15, 19, 3, 6, 9, 12, 19, 0, 3, 6, 9, 12, 15, 
19, 0, 3, 6, 12, 15, 0, 3, 6, 12, 19, 3, 6, 9, 12, 15, 19, 0, 
3, 6, 9, 12, 19, 0, 3, 9, 12, 15, 19, 0, 3, 6, 9, 12, 15, 19, 
0, 3, 6, 15, 19, 0, 3, 6, 9, 12, 15, 3, 6, 9, 12, 19, 0, 3, 6, 
12, 15, 19, 0, 6, 9, 12, 15, 19, 0, 3, 6, 9, 12, 15, 19, 0, 3, 
6, 9, 12, 15, 19, 0, 3, 6, 9, 12, 15, 19, 3, 6, 12, 15, 19, 0, 
6, 9, 12, 15, 19, 0, 3, 9, 12, 19, 0, 3, 6, 9, 12, 15, 19, 0, 
3, 6, 9, 12, 15, 19, 0, 3, 6, 9, 12, 15, 19, 0, 3, 6, 9, 19, 
3, 6, 9, 12, 15, 19, 3, 6, 9, 15, 19, 0, 3, 6, 9, 12, 3, 6, 9, 
12, 15, 19, 0, 3, 6, 9, 15, 0, 3, 6, 12, 19, 0, 3, 6, 9, 12, 
15, 19, 0, 3, 6, 15, 19, 0, 3, 6, 9, 15, 19, 0, 3, 6, 9, 15, 
19, 0, 3, 6, 9, 12, 15, 19, 0, 3, 6, 9, 12, 19, 0, 3, 6, 9, 12, 
19, 3, 6, 9, 12, 19, 0, 3, 6, 9, 12, 15, 19, 0, 3, 6, 9, 19, 
0, 3, 6, 9, 12, 19, 0, 3, 6, 9, 15, 19, 0, 3, 9, 12, 15, 0, 3, 
6, 9, 12, 15, 0, 3, 6, 9, 12, 15, 19, 0, 3, 6, 9, 12, 15, 0, 
3, 6, 9, 12, 19, 6, 9, 12, 15, 19, 6, 9, 12, 15, 19, 0, 3, 6, 
9, 12, 15, 19, 0, 3, 12, 15, 19, 0, 3, 6, 9, 15, 0, 3, 6, 9, 
12, 19, 0, 3, 6, 9, 12, 15, 19, 0, 3, 6, 9, 12, 15, 19, 3, 6, 
9, 12, 15, 19, 0, 3, 6, 12, 19, 0, 3, 6, 9, 12, 15, 19, 0, 3, 
6, 9, 12, 15, 19, 3, 6, 9, 12, 19, 0, 3, 9, 12, 19, 0, 3, 6, 
9, 15, 0, 3, 6, 9, 12, 15, 19, 0, 3, 9, 12, 15, 19, 3, 9, 12, 
15, 19, 0, 3, 6, 12, 15, 19, 0, 3, 6, 9, 15, 19, 0, 3, 12, 15, 
19, 0, 3, 6, 9, 12, 15, 0, 3, 6, 9, 12, 15, 19, 0, 3, 6, 9, 12, 
15, 19, 0, 3, 6, 9, 12, 19, 0, 3, 6, 9, 15, 19, 0, 3, 6, 9, 15, 
0, 3, 6, 9, 15, 19, 3, 6, 9, 12, 15, 19, 0, 3, 6, 9, 12, 0, 3, 
6, 15, 19, 0, 3, 12, 15, 19, 0, 3, 9, 12, 15, 3, 9, 12, 15, 19, 
3, 6, 9, 15, 19, 0, 3, 6, 9, 12, 15, 19, 0, 3, 6, 9, 12, 0, 3, 
6, 9, 12, 15, 19, 0, 3, 6, 9, 12, 15, 19, 0, 3, 6, 9, 15, 19, 
0, 3, 6, 9, 12, 0, 3, 6, 9, 12, 15, 19, 0, 6, 9, 12, 15, 19, 
0, 3, 6, 9, 15, 19, 0, 3, 6, 9, 12, 0, 3, 6, 12, 19, 3, 9, 12, 
15, 19, 0, 3, 6, 9, 12, 0, 3, 6, 12, 15, 19, 0, 3, 6, 9, 12, 
15, 19, 0, 6, 9, 12, 15, 6, 9, 12, 15, 19, 3, 6, 9, 12, 15, 0, 
3, 6, 9, 12, 15, 19, 0, 3, 9, 12, 15, 19, 0, 3, 6, 9, 12, 3, 
6, 12, 15, 19, 3, 6, 12, 15, 19, 0, 3, 6, 9, 12, 15, 0, 3, 9, 
12, 15, 19, 0, 3, 6, 9, 12, 19, 0, 3, 6, 9, 12, 0, 3, 6, 9, 12, 
15, 19, 0),smoker=c(0, 0, 0, 0, 0, 0, 1, 1, 1, 1, 1, 1, 1, 1, 1, 1, 1, 1, 
1, 1, 1, 1, 1, 1, 1, 1, 1, 1, 0, 0, 0, 0, 0, 1, 1, 1, 1, 1, 1, 
1, 1, 1, 1, 0, 0, 0, 0, 0, 1, 1, 1, 1, 1, 1, 0, 0, 0, 0, 0, 0, 
0, 0, 0, 0, 0, 0, 0, 1, 1, 1, 1, 1, 1, 1, 0, 0, 0, 0, 0, 1, 1, 
1, 1, 1, 1, 1, 1, 1, 1, 1, 1, 1, 1, 1, 1, 1, 1, 1, 1, 1, 1, 1, 
1, 1, 1, 1, 1, 1, 1, 1, 1, 1, 1, 1, 1, 1, 1, 1, 1, 1, 1, 1, 1, 
1, 1, 1, 1, 1, 0, 0, 0, 0, 0, 0, 0, 1, 1, 1, 1, 1, 1, 1, 1, 1, 
1, 1, 1, 1, 1, 1, 1, 1, 1, 1, 1, 1, 1, 1, 1, 1, 1, 1, 1, 1, 1, 
1, 1, 1, 1, 1, 1, 1, 1, 1, 1, 1, 1, 1, 1, 1, 1, 1, 1, 1, 1, 1, 
1, 0, 0, 0, 0, 0, 0, 0, 0, 0, 0, 0, 1, 1, 1, 1, 1, 1, 0, 0, 0, 
0, 0, 0, 0, 0, 0, 0, 0, 0, 0, 1, 1, 1, 1, 1, 1, 1, 1, 1, 1, 1, 
1, 1, 1, 1, 1, 1, 1, 1, 1, 1, 1, 1, 1, 1, 0, 0, 0, 0, 0, 0, 0, 
0, 0, 0, 0, 0, 1, 1, 1, 1, 1, 1, 1, 1, 1, 1, 1, 1, 1, 1, 1, 1, 
1, 1, 1, 1, 1, 1, 1, 1, 1, 1, 1, 1, 1, 1, 1, 1, 1, 1, 1, 1, 1, 
1, 1, 1, 1, 1, 1, 1, 1, 1, 1, 1, 1, 1, 1, 1, 1, 1, 1, 1, 1, 1, 
1, 1, 1, 1, 1, 1, 1, 1, 1, 1, 1, 1, 1, 1, 1, 1, 1, 1, 1, 1, 1, 
1, 1, 1, 1, 1, 1, 1, 1, 1, 1, 1, 1, 1, 1, 1, 1, 1, 1, 1, 1, 1, 
1, 1, 1, 1, 1, 1, 1, 1, 1, 1, 1, 1, 1, 1, 1, 1, 1, 1, 1, 1, 1, 
1, 1, 1, 1, 1, 1, 1, 1, 1, 1, 1, 1, 1, 0, 0, 0, 0, 0, 0, 0, 1, 
1, 1, 1, 1, 1, 1, 1, 1, 1, 1, 1, 0, 0, 0, 0, 0, 0, 0, 0, 0, 0, 
1, 1, 1, 1, 1, 1, 1, 1, 1, 1, 1, 1, 0, 0, 0, 0, 0, 0, 0, 0, 0, 
0, 0, 1, 1, 1, 1, 1, 1, 1, 0, 0, 0, 0, 0, 0, 0, 0, 0, 0, 0, 0, 
0, 0, 0, 0, 0, 0, 1, 1, 1, 1, 1, 1, 1, 0, 0, 0, 0, 0, 0, 0, 0, 
0, 0, 0, 0, 1, 1, 1, 1, 1, 1, 1, 1, 1, 1, 0, 0, 0, 0, 0, 0, 0, 
1, 1, 1, 1, 1, 1, 1, 1, 1, 1, 1, 1, 1, 1, 1, 1, 1, 1, 1, 1, 1, 
1, 1, 1, 1, 1, 1, 1, 1, 1, 1, 1, 1, 1, 0, 0, 0, 0, 0, 0, 0, 1, 
1, 1, 1, 1, 1, 1, 1, 1, 1, 1, 1, 1, 1, 1, 1, 1, 1, 1, 1, 1, 1, 
1, 1, 1, 1, 1, 1, 1, 1, 0, 0, 0, 0, 0, 0, 1, 1, 1, 1, 1, 1, 1, 
1, 1, 1, 1, 1, 1, 1, 1, 1, 1, 1, 1, 1, 1, 1, 1, 1, 1, 1, 1, 1, 
1, 1, 1, 1, 1, 1, 1, 1, 1, 1, 1, 1, 1, 1, 0, 0, 0, 0, 0, 0, 0, 
1, 1, 1, 1, 1, 1, 1, 1, 1, 1, 1, 1, 1, 1, 1, 1, 1, 1, 1, 1, 1, 
1, 1, 1, 1, 1, 1, 1, 1, 1, 1, 1, 1, 1, 1, 1, 1, 1, 1, 1, 1, 1, 
0, 0, 0, 0, 0, 0, 0, 0, 0, 0, 1, 1, 1, 1, 1, 1, 1, 1, 1, 1, 1, 
1, 1, 1, 1, 1, 1, 1, 1, 1, 1, 1, 1, 0, 0, 0, 0, 0, 1, 1, 1, 1, 
1, 1, 1, 1, 1, 1, 1, 1, 1, 1, 1, 1, 1, 1, 1, 1, 1, 1, 1, 1, 1, 
1, 1, 1, 1, 1, 1, 1, 1, 0, 0, 0, 0, 0, 0, 0, 0, 0, 0, 0, 0, 1, 
1, 1, 1, 1, 1, 1, 1, 1, 1, 1, 1, 1, 1, 1, 1, 1, 1, 1))

