1001	0.575
1091	0.3774
1181	0.7815
1271	0.6287
1361	0.4567
1451	0.3436
1541	0.3618
1631	1.307
1721	0.01555
1811	0.5385
1901	0.8174
1991	0.7082
2081	0.4487
2171	1.532
2261	0.1507
2351	1.521
2441	0.5009
2531	0.7126
2621	0.6352
2711	0.5372
2801	0.536
2891	0.5739
2981	0.6498
3071	0.8542
3161	0.2216
3251	1.136
3341	1.149
3431	0.1131
3521	0.673
3611	0.5539
3701	1.145
3791	0.5782
3881	0.9341
3971	1.16
4061	0.2108
4151	0.8142
4241	0.8159
4331	0.8672
4421	0.8447
4511	1.01
4601	0.9383
4691	0.89
4781	0.5529
4871	1.245
4961	0.7021
5051	1.154
5141	0.4655
5231	1.301
5321	1.306
5411	0.3249
5501	0.04711
5591	0.8056
5681	0.3257
5771	0.6115
5861	0.9947
5951	0.6848
6041	0.3006
6131	0.7667
6221	0.9796
6311	0.8103
6401	0.5601
6491	1.063
6581	0.8399
6671	0.2564
6761	0.5738
6851	0.58
6941	0.9435
7031	1.09
7121	1.11
7211	0.5852
7301	0.9409
7391	0.9235
7481	0.8714
7571	0.6304
7661	0.6684
7751	1.104
7841	0.8962
7931	0.4843
8021	0.2712
8111	0.06904
8201	1.099
8291	0.6098
8381	0.6544
8471	0.3896
8561	0.9545
8651	0.4088
8741	1.095
8831	0.06538
8921	0.3224
9011	0.4206
9101	0.9779
9191	1.58
9281	0.3528
9371	0.4857
9461	1.106
9551	1.006
9641	1.546
9731	1.195
9821	0.4807
9911	0.3465
10001	0.07544
10091	0.8541
10181	1.198
10271	0.2072
10361	0.684
10451	0.3015
10541	0.8771
10631	1.008
10721	0.6027
10811	1.622
10901	0.4888
10991	0.4273
11081	0.9025
11171	0.8817
11261	0.3145
11351	0.9589
11441	0.7158
11531	0.2432
11621	0.06259
11711	1.004
11801	0.6897
11891	1.281
11981	0.4623
12071	1.337
12161	1.077
12251	0.5295
12341	1.041
12431	0.7423
12521	0.9609
12611	0.831
12701	0.01608
12791	1.254
12881	0.04404
12971	0.4455
13061	0.1401
13151	0.4618
13241	1.378
13331	0.6115
13421	1.171
13511	0.7546
13601	0.4289
13691	0.7017
13781	0.5133
13871	0.3965
13961	0.2435
14051	0.4667
14141	0.9843
14231	0.4929
14321	0.917
14411	0.1089
14501	0.899
14591	0.5856
14681	0.448
14771	0.4169
14861	0.6084
14951	0.4933
15041	0.2483
15131	0.6627
15221	1.038
15311	1.25
15401	0.6628
15491	0.5426
15581	1.414
15671	0.5119
15761	1.275
15851	0.9307
15941	0.4518
16031	0.8633
16121	0.891
16211	0.2099
16301	0.7531
16391	1.024
16481	0.2193
16571	0.3128
16661	0.6578
16751	1.133
16841	0.6882
16931	0.5074
17021	0.3494
17111	0.8059
17201	0.344
17291	0.5904
17381	1.015
17471	0.8952
17561	0.5357
17651	0.3508
17741	0.5932
17831	1.383
17921	0.4769
18011	0.7176
18101	0.2046
18191	0.8647
18281	0.9386
18371	0.9483
18461	1.049
18551	0.8033
18641	0.7042
18731	0.4894
18821	0.804
18911	0.2289
19001	0.6332
19091	0.5597
19181	0.5131
19271	1.228
19361	1.087
19451	0.7168
19541	0.2864
19631	0.899
19721	0.08142
19811	1.101
19901	1.25
19991	0.9711
20081	1.024
20171	1.149
20261	0.5322
20351	1.368
20441	0.7519
20531	0.6063
20621	0.4896
20711	1.08
20801	0.909
20891	0.1677
20981	0.2677
21071	0.6244
21161	0.3339
21251	0.4751
21341	0.3738
21431	0.303
21521	0.4986
21611	0.7637
21701	1.22
21791	1.335
21881	0.9054
21971	0.7154
22061	1.063
22151	1.066
22241	1.182
22331	1.15
22421	1.882
22511	0.9591
22601	0.4859
22691	0.3723
22781	0.7125
22871	0.4069
22961	1.326
23051	0.9622
23141	1.079
23231	0.5765
23321	0.3733
23411	1.124
23501	0.9763
23591	0.2472
23681	1.066
23771	0.8086
23861	0.4653
23951	0.4709
24041	0.3518
24131	0.7549
24221	0.4296
24311	0.2823
24401	0.7843
24491	0.8824
24581	0.2675
24671	0.4737
24761	0.7521
24851	0.8886
24941	0.5288
25031	0.6755
25121	0.7944
25211	0.6952
25301	1.226
25391	0.1675
25481	1.182
25571	1.054
25661	0.4895
25751	0.8104
25841	0.3923
25931	0.3043
26021	0.3408
26111	0.1574
26201	0.7916
26291	1.056
26381	1.07
26471	1.097
26561	0.9734
26651	1.17
26741	0.5424
26831	0.5654
26921	0.6233
27011	1.129
27101	1.32
27191	1.056
27281	1.15
27371	0.985
27461	0.6482
27551	0.9307
27641	0.6998
27731	1.283
27821	0.8944
27911	0.719
28001	0.8138
28091	1.113
28181	0.9152
28271	1.082
28361	0.7365
28451	1.097
28541	0.9792
28631	0.2921
28721	1.087
28811	0.7877
28901	1.206
28991	0.6507
29081	0.9941
29171	1.052
29261	0.3758
29351	0.4377
29441	0.7355
29531	0.6684
29621	0.7164
29711	0.5045
29801	0.32
29891	0.3435
29981	1.496
30071	0.6805
30161	0.2852
30251	0.4899
30341	1.097
30431	1.011
30521	0.6507
30611	1.22
30701	0.2298
30791	0.9691
30881	0.9056
30971	0.6346
31061	0.2277
31151	1.208
31241	0.9761
31331	0.6594
31421	0.5364
31511	1.029
31601	0.5234
31691	0.6992
31781	0.9948
31871	0.4401
31961	0.632
32051	0.8554
32141	1.189
32231	0.8071
32321	1.306
32411	1.048
32501	0.7152
32591	1.4
32681	0.6689
32771	0.2996
32861	0.2542
32951	0.7267
33041	0.2026
33131	1.25
33221	0.5692
33311	1.047
33401	0.8352
33491	0.5828
33581	0.2735
33671	0.5124
33761	0.6536
33851	0.07611
33941	0.2652
34031	0.4901
34121	0.3799
34211	0.5673
34301	1.183
34391	0.7557
34481	1.042
34571	1.136
34661	1.112
34751	1.328
34841	0.6069
34931	0.8161
35021	0.8858
35111	0.3982
35201	0.6007
35291	0.368
35381	0.8932
35471	0.5674
35561	1.154
35651	0.5719
35741	1.702
35831	0.2754
35921	0.1513
36011	0.4404
36101	0.4335
36191	0.7523
36281	0.7021
36371	0.2967
36461	0.7307
36551	0.5034
36641	1.285
36731	0.04179
36821	0.167
36911	0.1854
37001	0.9865
37091	0.9334
37181	0.8635
37271	0.2182
37361	1.181
37451	1.065
37541	0.1477
37631	0.9306
37721	1.13
37811	1.211
37901	1.103
37991	0.8523
38081	1.033
38171	1.078
38261	0.7546
38351	0.2975
38441	0.2903
38531	0.672
38621	0.5659
38711	0.4286
38801	0.4465
38891	0.2328
38981	1.201
39071	0.7789
39161	0.273
39251	1.014
39341	1.056
39431	0.3458
39521	0.8291
39611	0.8432
39701	0.7174
39791	0.6765
39881	0.7197
39971	0.9985
40061	0.5961
40151	1.3
40241	1.219
40331	0.7782
40421	1.096
40511	0.607
40601	0.592
40691	0.3322
40781	0.7292
40871	0.6285
40961	0.8755
41051	0.5265
41141	0.8888
41231	0.9281
41321	0.9731
41411	0.03003
41501	0.5787
41591	0.6012
41681	0.2383
41771	1.016
41861	0.6299
41951	1.057
42041	0.2683
42131	0.501
42221	0.2282
42311	0.4483
42401	1.116
42491	0.6314
42581	1.073
42671	0.4044
42761	0.9808
42851	1.488
42941	0.5188
43031	0.95
43121	1.679
43211	1.005
43301	0.8022
43391	0.5101
43481	0.8292
43571	0.3491
43661	0.6133
43751	0.6373
43841	0.5503
43931	1.197
44021	0.7994
44111	0.7551
44201	0.6284
44291	0.9736
44381	0.4181
44471	0.8092
44561	0.6743
44651	0.9857
44741	1.093
44831	1.506
44921	1.015
45011	0.03352
45101	0.01284
45191	1.126
45281	0.4202
45371	0.286
45461	0.5603
45551	0.257
45641	0.7937
45731	1.019
45821	0.4641
45911	0.915
46001	0.1656
46091	1.017
46181	0.553
46271	1.296
46361	1.504
46451	1.415
46541	0.342
46631	0.157
46721	0.6265
46811	0.5635
46901	0.1816
46991	0.2455
47081	0.447
47171	0.5417
47261	0.9038
47351	0.4707
47441	0.7917
47531	0.6507
47621	0.4523
47711	0.4381
47801	0.4569
47891	0.4584
47981	0.6206
48071	0.5811
48161	0.5949
48251	1.348
48341	0.7213
48431	0.9381
48521	0.9332
48611	0.7946
48701	0.8176
48791	0.1264
48881	0.6762
48971	1.059
49061	0.6259
49151	1.022
49241	0.3824
49331	0.7753
49421	0.9827
49511	0.9871
49601	0.6548
49691	0.2155
49781	1.572
49871	0.4069
49961	0.5481
50051	0.9764
50141	1.099
50231	0.8236
50321	1.141
50411	0.7022
50501	0.2413
50591	1.126
50681	0.4879
50771	0.1886
50861	0.5647
50951	1.276
51041	1.107
51131	0.4204
51221	0.8815
51311	0.7606
51401	0.5376
51491	1.236
51581	0.9346
51671	0.7887
51761	0.3791
51851	0.447
51941	0.4186
52031	0.1897
52121	0.4603
52211	0.332
52301	0.6464
52391	1.115
52481	0.6741
52571	0.3077
52661	0.737
52751	0.7488
52841	0.5919
52931	0.6989
53021	0.5254
53111	1.16
53201	0.8427
53291	0.9556
53381	0.08831
53471	0.1664
53561	0.2777
53651	0.1083
53741	0.9586
53831	0.8691
53921	0.8524
54011	0.6124
54101	1.384
54191	1.189
54281	0.3453
54371	1.095
54461	0.9586
54551	0.545
54641	1.001
54731	1.033
54821	0.45
54911	0.6804
55001	0.7972
55091	0.4943
55181	0.05804
55271	0.7311
55361	0.3635
55451	0.2276
55541	0.2311
55631	0.7025
55721	0.5196
55811	0.04521
55901	0.3709
55991	1.406
56081	0.7743
56171	0.5569
56261	0.621
56351	0.5634
56441	0.9012
56531	1.454
56621	1.03
56711	0.1438
56801	0.55
56891	0.3916
56981	0.7139
57071	0.7269
57161	0.5738
57251	0.6557
57341	0.4334
57431	0.9953
57521	0.5065
57611	0.3205
57701	0.8598
57791	0.9017
57881	0.0331
57971	0.9041
58061	0.9653
58151	0.9459
58241	0.5105
58331	1.139
58421	0.8652
58511	0.008242
58601	0.9487
58691	1.069
58781	0.5813
58871	0.4346
58961	0.565
59051	0.3672
59141	0.4479
59231	1.158
59321	0.7233
59411	0.2669
59501	0.5396
59591	0.5852
59681	1.247
59771	1.145
59861	0.707
59951	0.7384
60041	0.191
60131	0.5983
60221	0.3985
60311	0.7664
60401	0.9545
60491	0.7043
60581	0.3886
60671	0.4523
60761	0.8635
60851	0.8186
60941	1.371
61031	0.9028
61121	0.5607
61211	1.133
61301	0.1093
61391	1.099
61481	0.9158
61571	0.6961
61661	1.245
61751	1.095
61841	0.4997
61931	0.9037
62021	0.3216
62111	0.4998
62201	1.205
62291	1.087
62381	0.7482
62471	1.154
62561	0.3149
62651	1.182
62741	1.438
62831	0.6615
62921	0.5102
63011	0.776
63101	0.8031
63191	1.017
63281	0.6391
63371	0.6673
63461	0.4624
63551	0.6671
63641	0.9583
63731	0.01625
63821	0.7594
63911	1.02
64001	0.5871
64091	0.1712
64181	0.7621
64271	0.5108
64361	0.9134
64451	0.7888
64541	0.7286
64631	0.2745
64721	0.5184
64811	1.148
64901	1.469
64991	0.4914
65081	0.8979
65171	0.8186
65261	1.095
65351	0.5953
65441	0.8864
65531	0.3991
65621	0.952
65711	1.337
65801	1.078
65891	0.8014
65981	0.1788
66071	0.7213
66161	0.4582
66251	0.5096
66341	0.3436
66431	1.022
66521	0.3646
66611	1.171
66701	0.2813
66791	0.6608
66881	0.4711
66971	0.273
67061	0.3105
67151	1.416
67241	0.8135
67331	1.129
67421	0.786
67511	0.7641
67601	0.7414
67691	0.6025
67781	0.4959
67871	1.02
67961	0.4781
68051	0.3759
68141	0.6048
68231	0.8144
68321	0.8372
68411	1.009
68501	0.4685
68591	1.083
68681	0.9037
68771	0.8235
68861	0.07561
68951	0.358
69041	0.626
69131	0.9489
69221	1.002
69311	0.133
69401	0.3815
69491	0.8771
69581	0.6542
69671	0.6448
69761	0.7651
69851	0.6011
69941	0.8602
70031	0.3659
70121	1.239
70211	1.131
70301	0.4829
70391	0.242
70481	0.1018
70571	0.3181
70661	0.4774
70751	0.5606
70841	1.14
70931	0.5336
71021	0.5075
71111	0.2177
71201	1.07
71291	1.093
71381	0.6635
71471	0.6123
71561	0.3371
71651	0.9769
71741	0.3658
71831	0.7188
71921	0.724
72011	0.5832
72101	0.8362
72191	0.8425
72281	0.727
72371	0.7634
72461	0.462
72551	0.4729
72641	0.4041
72731	1.112
72821	0.8595
72911	0.71
73001	0.6717
73091	0.9375
73181	0.5357
73271	0.5
73361	0.888
73451	1.653
73541	1.29
73631	0.8086
73721	0.5042
73811	0.2998
73901	0.1663
73991	1.219
74081	0.8908
74171	0.9195
74261	0.6597
74351	0.2824
74441	0.2756
74531	0.9319
74621	0.9759
74711	1.873
74801	0.832
74891	0.5398
74981	0.9291
75071	0.8603
75161	0.4954
75251	0.18
75341	0.6612
75431	0.7834
75521	0.7403
75611	0.826
75701	0.4555
75791	0.23
75881	1.019
75971	1.194
76061	0.4621
76151	0.6798
76241	0.3665
76331	1.539
76421	0.934
76511	1.042
76601	0.8603
76691	0.8106
76781	0.312
76871	1.198
76961	1.363
77051	0.3736
77141	0.2539
77231	1.115
77321	1.364
77411	0.2873
77501	1.208
77591	0.6695
77681	0.588
77771	0.6631
77861	0.4674
77951	0.6209
78041	0.4109
78131	0.9995
78221	0.8604
78311	0.3905
78401	0.3717
78491	0.5669
78581	1.015
78671	0.9228
78761	0.3929
78851	0.7494
78941	0.9162
79031	1.389
79121	0.006565
79211	0.5803
79301	0.5401
79391	0.4982
79481	0.7552
79571	0.8404
79661	0.8529
79751	0.8136
79841	0.8071
79931	0.7021
80021	0.4271
80111	0.8594
80201	0.999
80291	0.6456
80381	0.687
80471	0.1011
80561	0.5948
80651	0.8982
80741	1.175
80831	0.9423
80921	0.6131
81011	0.6454
81101	0.6512
81191	0.4248
81281	0.8548
81371	0.5596
81461	0.7715
81551	0.04912
81641	1.241
81731	0.9028
81821	0.1291
81911	0.8406
82001	0.9119
82091	0.3494
82181	0.6922
82271	0.7392
82361	1.162
82451	0.1691
82541	0.5588
82631	0.3004
82721	0.7752
82811	0.9305
82901	0.8574
82991	0.4474
83081	0.4742
83171	0.273
83261	1.384
83351	1.268
83441	1.099
83531	0.3038
83621	0.8731
83711	0.3307
83801	0.9034
83891	0.2229
83981	0.5608
84071	1.573
84161	0.7311
84251	0.6065
84341	1.239
84431	0.404
84521	0.6689
84611	0.4801
84701	0.6634
84791	0.665
84881	1.391
84971	1.058
85061	0.6134
85151	0.9134
85241	0.8932
85331	0.6263
85421	0.7901
85511	0.233
85601	0.4595
85691	0.2049
85781	1.296
85871	0.1008
85961	0.3115
86051	1.423
86141	0.7195
86231	0.7403
86321	0.4773
86411	0.714
86501	0.3011
86591	0.8148
86681	1.244
86771	0.7934
86861	0.4205
86951	1.41
87041	0.8341
87131	1.083
87221	1.027
87311	0.902
87401	0.5459
87491	0.3685
87581	0.7597
87671	0.571
87761	0.728
87851	0.7824
87941	0.3984
88031	0.6918
88121	0.9265
88211	0.4008
88301	0.7007
88391	0.797
88481	0.3993
88571	0.4019
88661	0.2529
88751	0.501
88841	0.5037
88931	0.9779
89021	0.9333
89111	0.141
89201	0.8017
89291	0.7174
89381	0.364
89471	1.253
89561	1.279
89651	0.3829
89741	1.057
89831	0.1566
89921	0.8336
90011	0.6139
90101	0.04966
90191	1.463
90281	0.5229
90371	0.8365
90461	0.1999
90551	0.6238
90641	1.252
90731	1.134
90821	1.004
90911	1.057
91001	0.5072
91091	1.244
91181	0.7028
91271	0.3111
91361	0.9521
91451	0.6254
91541	0.6303
91631	0.769
91721	0.7322
91811	1.075
91901	0.7293
91991	0.9759
92081	0.6308
92171	0.5348
92261	1.23
92351	0.8485
92441	0.4711
92531	0.1777
92621	0.9518
92711	0.5038
92801	0.9119
92891	0.7659
92981	0.9273
93071	0.4488
93161	0.87
93251	0.8269
93341	0.5209
93431	0.8173
93521	1.036
93611	0.8914
93701	0.5503
93791	1.089
93881	1.331
93971	0.3225
94061	0.6011
94151	0.6601
94241	0.6797
94331	0.2573
94421	1.072
94511	0.5991
94601	0.4635
94691	1.146
94781	1.384
94871	0.7678
94961	0.5246
95051	0.008305
95141	1.001
95231	0.6393
95321	0.7598
95411	0.1104
95501	1.114
95591	1.007
95681	0.6269
95771	0.4959
95861	0.9341
95951	1.036
96041	0.6068
96131	0.6756
96221	0.3789
96311	1.537
96401	0.6118
96491	1.059
96581	0.3575
96671	0.3206
96761	0.05569
96851	1.1
96941	0.7323
97031	0.9645
97121	0.857
97211	0.2038
97301	0.6003
97391	0.8052
97481	0.4252
97571	0.5596
97661	0.7568
97751	0.5454
97841	0.2887
97931	0.1067
98021	0.1076
98111	1.016
98201	0.7146
98291	0.3825
98381	0.5546
98471	1.225
98561	0.5598
98651	0.8575
98741	1.225
98831	1.34
98921	0.3358
99011	0.1692
99101	0.9218
99191	1.088
99281	1.011
99371	0.321
99461	1.257
99551	1.118
99641	0.9862
99731	0.9195
99821	0.811
99911	0.7158

